_C_221d806_0 8c 0 100 0 0 78253068 0 6f742030 0 653a2067 0 77726974 0 6f6e6420 0 20736563 0 494c4544 0 a204641 
_C_a2c2293a_0 8c 0 70 0 0 2e766364 0 5f746f70 0 5f6d656d 0 7462 
_C_e5580b9a_0 8c 0 160 0 0 44415441 0 4f4c4420 0 48415320 0 494c4c20 0 30205354 0 414e4b20 0 41542042 0 44205448 0 20524541 0 53542034 0 a205445 
_C_85c42537_0 8c 0 b8 0 0 44415441 0 524f5320 0 4c205a45 0 3620414c 0 45535420 0 a2054 
_C_6e2c1c82_0 84 0 8 0 0 5a 
_C_a246a98_0 84 0 8 0 0 55 
_C_31af0fa_0 84 0 8 0 0 ad 
_C_ea0f406c_0 8c 0 120 0 0 52455353 0 20414444 0 494f5553 0 50524556 0 494e4720 0 57524954 0 4f564552 0 54203520 0 a544553 
_C_342d3090_0 84 0 8 0 0 aa 
_C_3e4ac65e_0 84 0 8 0 0 ab 
_C_361a8070_0 8c 0 108 0 0 4e4b2031 0 4e204241 0 41442049 0 44205245 0 4520414e 0 57524954 0 54203220 0 20544553 0 a 
_C_7c1c7b0f_0 8c 0 d0 0 0 78253068 0 72323d30 0 25306820 0 313d3078 0 45442072 0 4641494c 0 a20 
_C_b5353cb7_0 84 0 8 0 0 c3 
_C_638dcbd1_0 84 0 8 0 0 de 
_C_2f50b318_0 8c 0 e8 0 0 4c494354 0 434f4e46 0 524f5720 0 494e4720 0 54455354 0 54203320 0 20544553 0 a 
_C_f2e975d5_0 8c 0 40 0 0 53534544 0 a205041 
_C_f3afac02_0 8c 0 b0 0 0 206e6f77 0 64206279 0 656e6465 0 27766520 0 6f756c64 0 7368 
_C_a4a47da6_0 8c 0 f8 0 0 78253068 0 6f742030 0 653a2067 0 77726974 0 72737420 0 44206669 0 41494c45 0 a2046 
_C_170d8fd4_0 8c 0 148 0 0 414e4b53 0 4e542042 0 46455245 0 20444946 0 20464f52 0 20434f4c 0 20524f57 0 53414d45 0 54203820 0 20544553 0 a 
_C_21d5f968_0 84 0 8 0 0 ff 
_C_e2687a9c_0 8c 0 b0 0 0 44415441 0 4e455320 0 4c4c204f 0 20372041 0 54455354 0 a20 
_C_68afbf3a_0 8c 0 b8 0 0 74696f6e 0 6c697a61 0 69746961 0 3020696e 0 45535420 0 a2054 
_C_4df8f7b9_0 84 0 2 0 0 2 
_C_479f0177_0 84 0 2 0 0 3 
_C_59371a25_0 84 0 2 0 0 0 
_C_5350eceb_0 84 0 2 0 0 1 
_C_1fdca360_0 84 0 8 0 0 0 
_C_be56905_0 8c 0 128 0 0 454c4c53 0 20382043 0 20414c4c 0 46494c4c 0 49564520 0 41555354 0 20455848 0 54203131 0 20544553 0 a 
_C_c2af2748_0 8c 0 100 0 0 78253068 0 6b313d30 0 2062616e 0 78253068 0 6b303d30 0 2062616e 0 494c4544 0 a204641 
_C_b3c4394e_0 84 0 8 0 0 11 
_C_b35bc3_0 84 0 20 0 0 0 
_C_ad4ad0d_0 84 0 20 0 0 1 
_C_1407d389_0 8c 0 198 0 0 78253068 0 78702030 0 30682065 0 20307825 0 20676f74 0 2530643a 0 20636f6c 0 77253064 0 6420726f 0 6e6b2530 0 44206261 0 41494c45 0 a2046 
_C_8b3c66bf_0 84 0 8 0 0 3c 
_C_80d54914_0 8c 0 108 0 0 4e4b2030 0 4e204241 0 41442049 0 44205245 0 4520414e 0 57524954 0 54203120 0 20544553 0 a 
_C_dec6ab9d_0 8c 0 140 0 0 43454c4c 0 414d4520 0 41442053 0 45205245 0 57524954 0 45414420 0 54452052 0 20575249 0 53542039 0 a205445 
_C_80739659_0 8c 0 128 0 0 52495445 0 4e4f2057 0 41445320 0 4b205245 0 20424143 0 4b20544f 0 20424143 0 54203132 0 20544553 0 a 
